10000
0 1 4 5 8 9 12 13 16 17 20 21 24 25 28 29 32 33 36 37 40 41 44 45 48 49 52 53 56 57 60 61 64 65 68 69 72 73 76 77 80 81 84 85 88 89 92 93 96 97 100 101 104 105 108 109 112 113 116 117 120 121 124 125 128 129 132 133 136 137 140 141 144 145 148 149 152 153 156 157 160 161 164 165 168 169 172 173 176 177 180 181 184 185 188 189 192 193 196 197
2 3 6 7 10 11 14 15 18 19 22 23 26 27 30 31 34 35 38 39 42 43 46 47 50 51 54 55 58 59 62 63 66 67 70 71 74 75 78 79 82 83 86 87 90 91 94 95 98 99 102 103 106 107 110 111 114 115 118 119 122 123 126 127 130 131 134 135 138 139 142 143 146 147 150 151 154 155 158 159 162 163 166 167 170 171 174 175 178 179 182 183 186 187 190 191 194 195 198 199
128 129 132 133 136 137 140 141 144 145 148 149 152 153 156 157 160 161 164 165 168 169 172 173 176 177 180 181 184 185 188 189 192 193 196 197 200 201 204 205 208 209 212 213 216 217 220 221 224 225 228 229 232 233 236 237 240 241 244 245 248 249 252 253 256 257 260 261 264 265 268 269 272 273 276 277 280 281 284 285 288 289 292 293 296 297 300 301 304 305 308 309 312 313 316 317 320 321 324 325
130 131 134 135 138 139 142 143 146 147 150 151 154 155 158 159 162 163 166 167 170 171 174 175 178 179 182 183 186 187 190 191 194 195 198 199 202 203 206 207 210 211 214 215 218 219 222 223 226 227 230 231 234 235 238 239 242 243 246 247 250 251 254 255 258 259 262 263 266 267 270 271 274 275 278 279 282 283 286 287 290 291 294 295 298 299 302 303 306 307 310 311 314 315 318 319 322 323 326 327
256 257 260 261 264 265 268 269 272 273 276 277 280 281 284 285 288 289 292 293 296 297 300 301 304 305 308 309 312 313 316 317 320 321 324 325 328 329 332 333 336 337 340 341 344 345 348 349 352 353 356 357 360 361 364 365 368 369 372 373 376 377 380 381 384 385 388 389 392 393 396 397 400 401 404 405 408 409 412 413 416 417 420 421 424 425 428 429 432 433 436 437 440 441 444 445 448 449 452 453
258 259 262 263 266 267 270 271 274 275 278 279 282 283 286 287 290 291 294 295 298 299 302 303 306 307 310 311 314 315 318 319 322 323 326 327 330 331 334 335 338 339 342 343 346 347 350 351 354 355 358 359 362 363 366 367 370 371 374 375 378 379 382 383 386 387 390 391 394 395 398 399 402 403 406 407 410 411 414 415 418 419 422 423 426 427 430 431 434 435 438 439 442 443 446 447 450 451 454 455
512 513 516 517 520 521 524 525 528 529 532 533 536 537 540 541 544 545 548 549 552 553 556 557 560 561 564 565 568 569 572 573 576 577 580 581 584 585 588 589 592 593 596 597 600 601 604 605 608 609 612 613 616 617 620 621 624 625 628 629 632 633 636 637 640 641 644 645 648 649 652 653 656 657 660 661 664 665 668 669 672 673 676 677 680 681 684 685 688 689 692 693 696 697 700 701 704 705 708 709
514 515 518 519 522 523 526 527 530 531 534 535 538 539 542 543 546 547 550 551 554 555 558 559 562 563 566 567 570 571 574 575 578 579 582 583 586 587 590 591 594 595 598 599 602 603 606 607 610 611 614 615 618 619 622 623 626 627 630 631 634 635 638 639 642 643 646 647 650 651 654 655 658 659 662 663 666 667 670 671 674 675 678 679 682 683 686 687 690 691 694 695 698 699 702 703 706 707 710 711
1024 1025 1028 1029 1032 1033 1036 1037 1040 1041 1044 1045 1048 1049 1052 1053 1056 1057 1060 1061 1064 1065 1068 1069 1072 1073 1076 1077 1080 1081 1084 1085 1088 1089 1092 1093 1096 1097 1100 1101 1104 1105 1108 1109 1112 1113 1116 1117 1120 1121 1124 1125 1128 1129 1132 1133 1136 1137 1140 1141 1144 1145 1148 1149 1152 1153 1156 1157 1160 1161 1164 1165 1168 1169 1172 1173 1176 1177 1180 1181 1184 1185 1188 1189 1192 1193 1196 1197 1200 1201 1204 1205 1208 1209 1212 1213 1216 1217 1220 1221
1026 1027 1030 1031 1034 1035 1038 1039 1042 1043 1046 1047 1050 1051 1054 1055 1058 1059 1062 1063 1066 1067 1070 1071 1074 1075 1078 1079 1082 1083 1086 1087 1090 1091 1094 1095 1098 1099 1102 1103 1106 1107 1110 1111 1114 1115 1118 1119 1122 1123 1126 1127 1130 1131 1134 1135 1138 1139 1142 1143 1146 1147 1150 1151 1154 1155 1158 1159 1162 1163 1166 1167 1170 1171 1174 1175 1178 1179 1182 1183 1186 1187 1190 1191 1194 1195 1198 1199 1202 1203 1206 1207 1210 1211 1214 1215 1218 1219 1222 1223
2048 2049 2052 2053 2056 2057 2060 2061 2064 2065 2068 2069 2072 2073 2076 2077 2080 2081 2084 2085 2088 2089 2092 2093 2096 2097 2100 2101 2104 2105 2108 2109 2112 2113 2116 2117 2120 2121 2124 2125 2128 2129 2132 2133 2136 2137 2140 2141 2144 2145 2148 2149 2152 2153 2156 2157 2160 2161 2164 2165 2168 2169 2172 2173 2176 2177 2180 2181 2184 2185 2188 2189 2192 2193 2196 2197 2200 2201 2204 2205 2208 2209 2212 2213 2216 2217 2220 2221 2224 2225 2228 2229 2232 2233 2236 2237 2240 2241 2244 2245
2050 2051 2054 2055 2058 2059 2062 2063 2066 2067 2070 2071 2074 2075 2078 2079 2082 2083 2086 2087 2090 2091 2094 2095 2098 2099 2102 2103 2106 2107 2110 2111 2114 2115 2118 2119 2122 2123 2126 2127 2130 2131 2134 2135 2138 2139 2142 2143 2146 2147 2150 2151 2154 2155 2158 2159 2162 2163 2166 2167 2170 2171 2174 2175 2178 2179 2182 2183 2186 2187 2190 2191 2194 2195 2198 2199 2202 2203 2206 2207 2210 2211 2214 2215 2218 2219 2222 2223 2226 2227 2230 2231 2234 2235 2238 2239 2242 2243 2246 2247
4096 4097 4100 4101 4104 4105 4108 4109 4112 4113 4116 4117 4120 4121 4124 4125 4128 4129 4132 4133 4136 4137 4140 4141 4144 4145 4148 4149 4152 4153 4156 4157 4160 4161 4164 4165 4168 4169 4172 4173 4176 4177 4180 4181 4184 4185 4188 4189 4192 4193 4196 4197 4200 4201 4204 4205 4208 4209 4212 4213 4216 4217 4220 4221 4224 4225 4228 4229 4232 4233 4236 4237 4240 4241 4244 4245 4248 4249 4252 4253 4256 4257 4260 4261 4264 4265 4268 4269 4272 4273 4276 4277 4280 4281 4284 4285 4288 4289 4292 4293
4098 4099 4102 4103 4106 4107 4110 4111 4114 4115 4118 4119 4122 4123 4126 4127 4130 4131 4134 4135 4138 4139 4142 4143 4146 4147 4150 4151 4154 4155 4158 4159 4162 4163 4166 4167 4170 4171 4174 4175 4178 4179 4182 4183 4186 4187 4190 4191 4194 4195 4198 4199 4202 4203 4206 4207 4210 4211 4214 4215 4218 4219 4222 4223 4226 4227 4230 4231 4234 4235 4238 4239 4242 4243 4246 4247 4250 4251 4254 4255 4258 4259 4262 4263 4266 4267 4270 4271 4274 4275 4278 4279 4282 4283 4286 4287 4290 4291 4294 4295
8192 8193 8196 8197 8200 8201 8204 8205 8208 8209 8212 8213 8216 8217 8220 8221 8224 8225 8228 8229 8232 8233 8236 8237 8240 8241 8244 8245 8248 8249 8252 8253 8256 8257 8260 8261 8264 8265 8268 8269 8272 8273 8276 8277 8280 8281 8284 8285 8288 8289 8292 8293 8296 8297 8300 8301 8304 8305 8308 8309 8312 8313 8316 8317 8320 8321 8324 8325 8328 8329 8332 8333 8336 8337 8340 8341 8344 8345 8348 8349 8352 8353 8356 8357 8360 8361 8364 8365 8368 8369 8372 8373 8376 8377 8380 8381 8384 8385 8388 8389
8194 8195 8198 8199 8202 8203 8206 8207 8210 8211 8214 8215 8218 8219 8222 8223 8226 8227 8230 8231 8234 8235 8238 8239 8242 8243 8246 8247 8250 8251 8254 8255 8258 8259 8262 8263 8266 8267 8270 8271 8274 8275 8278 8279 8282 8283 8286 8287 8290 8291 8294 8295 8298 8299 8302 8303 8306 8307 8310 8311 8314 8315 8318 8319 8322 8323 8326 8327 8330 8331 8334 8335 8338 8339 8342 8343 8346 8347 8350 8351 8354 8355 8358 8359 8362 8363 8366 8367 8370 8371 8374 8375 8378 8379 8382 8383 8386 8387 8390 8391
16384 16385 16388 16389 16392 16393 16396 16397 16400 16401 16404 16405 16408 16409 16412 16413 16416 16417 16420 16421 16424 16425 16428 16429 16432 16433 16436 16437 16440 16441 16444 16445 16448 16449 16452 16453 16456 16457 16460 16461 16464 16465 16468 16469 16472 16473 16476 16477 16480 16481 16484 16485 16488 16489 16492 16493 16496 16497 16500 16501 16504 16505 16508 16509 16512 16513 16516 16517 16520 16521 16524 16525 16528 16529 16532 16533 16536 16537 16540 16541 16544 16545 16548 16549 16552 16553 16556 16557 16560 16561 16564 16565 16568 16569 16572 16573 16576 16577 16580 16581
16386 16387 16390 16391 16394 16395 16398 16399 16402 16403 16406 16407 16410 16411 16414 16415 16418 16419 16422 16423 16426 16427 16430 16431 16434 16435 16438 16439 16442 16443 16446 16447 16450 16451 16454 16455 16458 16459 16462 16463 16466 16467 16470 16471 16474 16475 16478 16479 16482 16483 16486 16487 16490 16491 16494 16495 16498 16499 16502 16503 16506 16507 16510 16511 16514 16515 16518 16519 16522 16523 16526 16527 16530 16531 16534 16535 16538 16539 16542 16543 16546 16547 16550 16551 16554 16555 16558 16559 16562 16563 16566 16567 16570 16571 16574 16575 16578 16579 16582 16583
32768 32769 32772 32773 32776 32777 32780 32781 32784 32785 32788 32789 32792 32793 32796 32797 32800 32801 32804 32805 32808 32809 32812 32813 32816 32817 32820 32821 32824 32825 32828 32829 32832 32833 32836 32837 32840 32841 32844 32845 32848 32849 32852 32853 32856 32857 32860 32861 32864 32865 32868 32869 32872 32873 32876 32877 32880 32881 32884 32885 32888 32889 32892 32893 32896 32897 32900 32901 32904 32905 32908 32909 32912 32913 32916 32917 32920 32921 32924 32925 32928 32929 32932 32933 32936 32937 32940 32941 32944 32945 32948 32949 32952 32953 32956 32957 32960 32961 32964 32965
32770 32771 32774 32775 32778 32779 32782 32783 32786 32787 32790 32791 32794 32795 32798 32799 32802 32803 32806 32807 32810 32811 32814 32815 32818 32819 32822 32823 32826 32827 32830 32831 32834 32835 32838 32839 32842 32843 32846 32847 32850 32851 32854 32855 32858 32859 32862 32863 32866 32867 32870 32871 32874 32875 32878 32879 32882 32883 32886 32887 32890 32891 32894 32895 32898 32899 32902 32903 32906 32907 32910 32911 32914 32915 32918 32919 32922 32923 32926 32927 32930 32931 32934 32935 32938 32939 32942 32943 32946 32947 32950 32951 32954 32955 32958 32959 32962 32963 32966 32967
65536 65537 65540 65541 65544 65545 65548 65549 65552 65553 65556 65557 65560 65561 65564 65565 65568 65569 65572 65573 65576 65577 65580 65581 65584 65585 65588 65589 65592 65593 65596 65597 65600 65601 65604 65605 65608 65609 65612 65613 65616 65617 65620 65621 65624 65625 65628 65629 65632 65633 65636 65637 65640 65641 65644 65645 65648 65649 65652 65653 65656 65657 65660 65661 65664 65665 65668 65669 65672 65673 65676 65677 65680 65681 65684 65685 65688 65689 65692 65693 65696 65697 65700 65701 65704 65705 65708 65709 65712 65713 65716 65717 65720 65721 65724 65725 65728 65729 65732 65733
65538 65539 65542 65543 65546 65547 65550 65551 65554 65555 65558 65559 65562 65563 65566 65567 65570 65571 65574 65575 65578 65579 65582 65583 65586 65587 65590 65591 65594 65595 65598 65599 65602 65603 65606 65607 65610 65611 65614 65615 65618 65619 65622 65623 65626 65627 65630 65631 65634 65635 65638 65639 65642 65643 65646 65647 65650 65651 65654 65655 65658 65659 65662 65663 65666 65667 65670 65671 65674 65675 65678 65679 65682 65683 65686 65687 65690 65691 65694 65695 65698 65699 65702 65703 65706 65707 65710 65711 65714 65715 65718 65719 65722 65723 65726 65727 65730 65731 65734 65735
131072 131073 131076 131077 131080 131081 131084 131085 131088 131089 131092 131093 131096 131097 131100 131101 131104 131105 131108 131109 131112 131113 131116 131117 131120 131121 131124 131125 131128 131129 131132 131133 131136 131137 131140 131141 131144 131145 131148 131149 131152 131153 131156 131157 131160 131161 131164 131165 131168 131169 131172 131173 131176 131177 131180 131181 131184 131185 131188 131189 131192 131193 131196 131197 131200 131201 131204 131205 131208 131209 131212 131213 131216 131217 131220 131221 131224 131225 131228 131229 131232 131233 131236 131237 131240 131241 131244 131245 131248 131249 131252 131253 131256 131257 131260 131261 131264 131265 131268 131269
131074 131075 131078 131079 131082 131083 131086 131087 131090 131091 131094 131095 131098 131099 131102 131103 131106 131107 131110 131111 131114 131115 131118 131119 131122 131123 131126 131127 131130 131131 131134 131135 131138 131139 131142 131143 131146 131147 131150 131151 131154 131155 131158 131159 131162 131163 131166 131167 131170 131171 131174 131175 131178 131179 131182 131183 131186 131187 131190 131191 131194 131195 131198 131199 131202 131203 131206 131207 131210 131211 131214 131215 131218 131219 131222 131223 131226 131227 131230 131231 131234 131235 131238 131239 131242 131243 131246 131247 131250 131251 131254 131255 131258 131259 131262 131263 131266 131267 131270 131271
262144 262145 262148 262149 262152 262153 262156 262157 262160 262161 262164 262165 262168 262169 262172 262173 262176 262177 262180 262181 262184 262185 262188 262189 262192 262193 262196 262197 262200 262201 262204 262205 262208 262209 262212 262213 262216 262217 262220 262221 262224 262225 262228 262229 262232 262233 262236 262237 262240 262241 262244 262245 262248 262249 262252 262253 262256 262257 262260 262261 262264 262265 262268 262269 262272 262273 262276 262277 262280 262281 262284 262285 262288 262289 262292 262293 262296 262297 262300 262301 262304 262305 262308 262309 262312 262313 262316 262317 262320 262321 262324 262325 262328 262329 262332 262333 262336 262337 262340 262341
262146 262147 262150 262151 262154 262155 262158 262159 262162 262163 262166 262167 262170 262171 262174 262175 262178 262179 262182 262183 262186 262187 262190 262191 262194 262195 262198 262199 262202 262203 262206 262207 262210 262211 262214 262215 262218 262219 262222 262223 262226 262227 262230 262231 262234 262235 262238 262239 262242 262243 262246 262247 262250 262251 262254 262255 262258 262259 262262 262263 262266 262267 262270 262271 262274 262275 262278 262279 262282 262283 262286 262287 262290 262291 262294 262295 262298 262299 262302 262303 262306 262307 262310 262311 262314 262315 262318 262319 262322 262323 262326 262327 262330 262331 262334 262335 262338 262339 262342 262343
524288 524289 524292 524293 524296 524297 524300 524301 524304 524305 524308 524309 524312 524313 524316 524317 524320 524321 524324 524325 524328 524329 524332 524333 524336 524337 524340 524341 524344 524345 524348 524349 524352 524353 524356 524357 524360 524361 524364 524365 524368 524369 524372 524373 524376 524377 524380 524381 524384 524385 524388 524389 524392 524393 524396 524397 524400 524401 524404 524405 524408 524409 524412 524413 524416 524417 524420 524421 524424 524425 524428 524429 524432 524433 524436 524437 524440 524441 524444 524445 524448 524449 524452 524453 524456 524457 524460 524461 524464 524465 524468 524469 524472 524473 524476 524477 524480 524481 524484 524485
524290 524291 524294 524295 524298 524299 524302 524303 524306 524307 524310 524311 524314 524315 524318 524319 524322 524323 524326 524327 524330 524331 524334 524335 524338 524339 524342 524343 524346 524347 524350 524351 524354 524355 524358 524359 524362 524363 524366 524367 524370 524371 524374 524375 524378 524379 524382 524383 524386 524387 524390 524391 524394 524395 524398 524399 524402 524403 524406 524407 524410 524411 524414 524415 524418 524419 524422 524423 524426 524427 524430 524431 524434 524435 524438 524439 524442 524443 524446 524447 524450 524451 524454 524455 524458 524459 524462 524463 524466 524467 524470 524471 524474 524475 524478 524479 524482 524483 524486 524487
1048576 1048577 1048580 1048581 1048584 1048585 1048588 1048589 1048592 1048593 1048596 1048597 1048600 1048601 1048604 1048605 1048608 1048609 1048612 1048613 1048616 1048617 1048620 1048621 1048624 1048625 1048628 1048629 1048632 1048633 1048636 1048637 1048640 1048641 1048644 1048645 1048648 1048649 1048652 1048653 1048656 1048657 1048660 1048661 1048664 1048665 1048668 1048669 1048672 1048673 1048676 1048677 1048680 1048681 1048684 1048685 1048688 1048689 1048692 1048693 1048696 1048697 1048700 1048701 1048704 1048705 1048708 1048709 1048712 1048713 1048716 1048717 1048720 1048721 1048724 1048725 1048728 1048729 1048732 1048733 1048736 1048737 1048740 1048741 1048744 1048745 1048748 1048749 1048752 1048753 1048756 1048757 1048760 1048761 1048764 1048765 1048768 1048769 1048772 1048773
1048578 1048579 1048582 1048583 1048586 1048587 1048590 1048591 1048594 1048595 1048598 1048599 1048602 1048603 1048606 1048607 1048610 1048611 1048614 1048615 1048618 1048619 1048622 1048623 1048626 1048627 1048630 1048631 1048634 1048635 1048638 1048639 1048642 1048643 1048646 1048647 1048650 1048651 1048654 1048655 1048658 1048659 1048662 1048663 1048666 1048667 1048670 1048671 1048674 1048675 1048678 1048679 1048682 1048683 1048686 1048687 1048690 1048691 1048694 1048695 1048698 1048699 1048702 1048703 1048706 1048707 1048710 1048711 1048714 1048715 1048718 1048719 1048722 1048723 1048726 1048727 1048730 1048731 1048734 1048735 1048738 1048739 1048742 1048743 1048746 1048747 1048750 1048751 1048754 1048755 1048758 1048759 1048762 1048763 1048766 1048767 1048770 1048771 1048774 1048775
2097152 2097153 2097156 2097157 2097160 2097161 2097164 2097165 2097168 2097169 2097172 2097173 2097176 2097177 2097180 2097181 2097184 2097185 2097188 2097189 2097192 2097193 2097196 2097197 2097200 2097201 2097204 2097205 2097208 2097209 2097212 2097213 2097216 2097217 2097220 2097221 2097224 2097225 2097228 2097229 2097232 2097233 2097236 2097237 2097240 2097241 2097244 2097245 2097248 2097249 2097252 2097253 2097256 2097257 2097260 2097261 2097264 2097265 2097268 2097269 2097272 2097273 2097276 2097277 2097280 2097281 2097284 2097285 2097288 2097289 2097292 2097293 2097296 2097297 2097300 2097301 2097304 2097305 2097308 2097309 2097312 2097313 2097316 2097317 2097320 2097321 2097324 2097325 2097328 2097329 2097332 2097333 2097336 2097337 2097340 2097341 2097344 2097345 2097348 2097349
2097154 2097155 2097158 2097159 2097162 2097163 2097166 2097167 2097170 2097171 2097174 2097175 2097178 2097179 2097182 2097183 2097186 2097187 2097190 2097191 2097194 2097195 2097198 2097199 2097202 2097203 2097206 2097207 2097210 2097211 2097214 2097215 2097218 2097219 2097222 2097223 2097226 2097227 2097230 2097231 2097234 2097235 2097238 2097239 2097242 2097243 2097246 2097247 2097250 2097251 2097254 2097255 2097258 2097259 2097262 2097263 2097266 2097267 2097270 2097271 2097274 2097275 2097278 2097279 2097282 2097283 2097286 2097287 2097290 2097291 2097294 2097295 2097298 2097299 2097302 2097303 2097306 2097307 2097310 2097311 2097314 2097315 2097318 2097319 2097322 2097323 2097326 2097327 2097330 2097331 2097334 2097335 2097338 2097339 2097342 2097343 2097346 2097347 2097350 2097351
4194304 4194305 4194308 4194309 4194312 4194313 4194316 4194317 4194320 4194321 4194324 4194325 4194328 4194329 4194332 4194333 4194336 4194337 4194340 4194341 4194344 4194345 4194348 4194349 4194352 4194353 4194356 4194357 4194360 4194361 4194364 4194365 4194368 4194369 4194372 4194373 4194376 4194377 4194380 4194381 4194384 4194385 4194388 4194389 4194392 4194393 4194396 4194397 4194400 4194401 4194404 4194405 4194408 4194409 4194412 4194413 4194416 4194417 4194420 4194421 4194424 4194425 4194428 4194429 4194432 4194433 4194436 4194437 4194440 4194441 4194444 4194445 4194448 4194449 4194452 4194453 4194456 4194457 4194460 4194461 4194464 4194465 4194468 4194469 4194472 4194473 4194476 4194477 4194480 4194481 4194484 4194485 4194488 4194489 4194492 4194493 4194496 4194497 4194500 4194501
4194306 4194307 4194310 4194311 4194314 4194315 4194318 4194319 4194322 4194323 4194326 4194327 4194330 4194331 4194334 4194335 4194338 4194339 4194342 4194343 4194346 4194347 4194350 4194351 4194354 4194355 4194358 4194359 4194362 4194363 4194366 4194367 4194370 4194371 4194374 4194375 4194378 4194379 4194382 4194383 4194386 4194387 4194390 4194391 4194394 4194395 4194398 4194399 4194402 4194403 4194406 4194407 4194410 4194411 4194414 4194415 4194418 4194419 4194422 4194423 4194426 4194427 4194430 4194431 4194434 4194435 4194438 4194439 4194442 4194443 4194446 4194447 4194450 4194451 4194454 4194455 4194458 4194459 4194462 4194463 4194466 4194467 4194470 4194471 4194474 4194475 4194478 4194479 4194482 4194483 4194486 4194487 4194490 4194491 4194494 4194495 4194498 4194499 4194502 4194503
8388608 8388609 8388612 8388613 8388616 8388617 8388620 8388621 8388624 8388625 8388628 8388629 8388632 8388633 8388636 8388637 8388640 8388641 8388644 8388645 8388648 8388649 8388652 8388653 8388656 8388657 8388660 8388661 8388664 8388665 8388668 8388669 8388672 8388673 8388676 8388677 8388680 8388681 8388684 8388685 8388688 8388689 8388692 8388693 8388696 8388697 8388700 8388701 8388704 8388705 8388708 8388709 8388712 8388713 8388716 8388717 8388720 8388721 8388724 8388725 8388728 8388729 8388732 8388733 8388736 8388737 8388740 8388741 8388744 8388745 8388748 8388749 8388752 8388753 8388756 8388757 8388760 8388761 8388764 8388765 8388768 8388769 8388772 8388773 8388776 8388777 8388780 8388781 8388784 8388785 8388788 8388789 8388792 8388793 8388796 8388797 8388800 8388801 8388804 8388805
8388610 8388611 8388614 8388615 8388618 8388619 8388622 8388623 8388626 8388627 8388630 8388631 8388634 8388635 8388638 8388639 8388642 8388643 8388646 8388647 8388650 8388651 8388654 8388655 8388658 8388659 8388662 8388663 8388666 8388667 8388670 8388671 8388674 8388675 8388678 8388679 8388682 8388683 8388686 8388687 8388690 8388691 8388694 8388695 8388698 8388699 8388702 8388703 8388706 8388707 8388710 8388711 8388714 8388715 8388718 8388719 8388722 8388723 8388726 8388727 8388730 8388731 8388734 8388735 8388738 8388739 8388742 8388743 8388746 8388747 8388750 8388751 8388754 8388755 8388758 8388759 8388762 8388763 8388766 8388767 8388770 8388771 8388774 8388775 8388778 8388779 8388782 8388783 8388786 8388787 8388790 8388791 8388794 8388795 8388798 8388799 8388802 8388803 8388806 8388807
16777216 16777217 16777220 16777221 16777224 16777225 16777228 16777229 16777232 16777233 16777236 16777237 16777240 16777241 16777244 16777245 16777248 16777249 16777252 16777253 16777256 16777257 16777260 16777261 16777264 16777265 16777268 16777269 16777272 16777273 16777276 16777277 16777280 16777281 16777284 16777285 16777288 16777289 16777292 16777293 16777296 16777297 16777300 16777301 16777304 16777305 16777308 16777309 16777312 16777313 16777316 16777317 16777320 16777321 16777324 16777325 16777328 16777329 16777332 16777333 16777336 16777337 16777340 16777341 16777344 16777345 16777348 16777349 16777352 16777353 16777356 16777357 16777360 16777361 16777364 16777365 16777368 16777369 16777372 16777373 16777376 16777377 16777380 16777381 16777384 16777385 16777388 16777389 16777392 16777393 16777396 16777397 16777400 16777401 16777404 16777405 16777408 16777409 16777412 16777413
16777218 16777219 16777222 16777223 16777226 16777227 16777230 16777231 16777234 16777235 16777238 16777239 16777242 16777243 16777246 16777247 16777250 16777251 16777254 16777255 16777258 16777259 16777262 16777263 16777266 16777267 16777270 16777271 16777274 16777275 16777278 16777279 16777282 16777283 16777286 16777287 16777290 16777291 16777294 16777295 16777298 16777299 16777302 16777303 16777306 16777307 16777310 16777311 16777314 16777315 16777318 16777319 16777322 16777323 16777326 16777327 16777330 16777331 16777334 16777335 16777338 16777339 16777342 16777343 16777346 16777347 16777350 16777351 16777354 16777355 16777358 16777359 16777362 16777363 16777366 16777367 16777370 16777371 16777374 16777375 16777378 16777379 16777382 16777383 16777386 16777387 16777390 16777391 16777394 16777395 16777398 16777399 16777402 16777403 16777406 16777407 16777410 16777411 16777414 16777415
33554432 33554433 33554436 33554437 33554440 33554441 33554444 33554445 33554448 33554449 33554452 33554453 33554456 33554457 33554460 33554461 33554464 33554465 33554468 33554469 33554472 33554473 33554476 33554477 33554480 33554481 33554484 33554485 33554488 33554489 33554492 33554493 33554496 33554497 33554500 33554501 33554504 33554505 33554508 33554509 33554512 33554513 33554516 33554517 33554520 33554521 33554524 33554525 33554528 33554529 33554532 33554533 33554536 33554537 33554540 33554541 33554544 33554545 33554548 33554549 33554552 33554553 33554556 33554557 33554560 33554561 33554564 33554565 33554568 33554569 33554572 33554573 33554576 33554577 33554580 33554581 33554584 33554585 33554588 33554589 33554592 33554593 33554596 33554597 33554600 33554601 33554604 33554605 33554608 33554609 33554612 33554613 33554616 33554617 33554620 33554621 33554624 33554625 33554628 33554629
33554434 33554435 33554438 33554439 33554442 33554443 33554446 33554447 33554450 33554451 33554454 33554455 33554458 33554459 33554462 33554463 33554466 33554467 33554470 33554471 33554474 33554475 33554478 33554479 33554482 33554483 33554486 33554487 33554490 33554491 33554494 33554495 33554498 33554499 33554502 33554503 33554506 33554507 33554510 33554511 33554514 33554515 33554518 33554519 33554522 33554523 33554526 33554527 33554530 33554531 33554534 33554535 33554538 33554539 33554542 33554543 33554546 33554547 33554550 33554551 33554554 33554555 33554558 33554559 33554562 33554563 33554566 33554567 33554570 33554571 33554574 33554575 33554578 33554579 33554582 33554583 33554586 33554587 33554590 33554591 33554594 33554595 33554598 33554599 33554602 33554603 33554606 33554607 33554610 33554611 33554614 33554615 33554618 33554619 33554622 33554623 33554626 33554627 33554630 33554631
67108864 67108865 67108868 67108869 67108872 67108873 67108876 67108877 67108880 67108881 67108884 67108885 67108888 67108889 67108892 67108893 67108896 67108897 67108900 67108901 67108904 67108905 67108908 67108909 67108912 67108913 67108916 67108917 67108920 67108921 67108924 67108925 67108928 67108929 67108932 67108933 67108936 67108937 67108940 67108941 67108944 67108945 67108948 67108949 67108952 67108953 67108956 67108957 67108960 67108961 67108964 67108965 67108968 67108969 67108972 67108973 67108976 67108977 67108980 67108981 67108984 67108985 67108988 67108989 67108992 67108993 67108996 67108997 67109000 67109001 67109004 67109005 67109008 67109009 67109012 67109013 67109016 67109017 67109020 67109021 67109024 67109025 67109028 67109029 67109032 67109033 67109036 67109037 67109040 67109041 67109044 67109045 67109048 67109049 67109052 67109053 67109056 67109057 67109060 67109061
67108866 67108867 67108870 67108871 67108874 67108875 67108878 67108879 67108882 67108883 67108886 67108887 67108890 67108891 67108894 67108895 67108898 67108899 67108902 67108903 67108906 67108907 67108910 67108911 67108914 67108915 67108918 67108919 67108922 67108923 67108926 67108927 67108930 67108931 67108934 67108935 67108938 67108939 67108942 67108943 67108946 67108947 67108950 67108951 67108954 67108955 67108958 67108959 67108962 67108963 67108966 67108967 67108970 67108971 67108974 67108975 67108978 67108979 67108982 67108983 67108986 67108987 67108990 67108991 67108994 67108995 67108998 67108999 67109002 67109003 67109006 67109007 67109010 67109011 67109014 67109015 67109018 67109019 67109022 67109023 67109026 67109027 67109030 67109031 67109034 67109035 67109038 67109039 67109042 67109043 67109046 67109047 67109050 67109051 67109054 67109055 67109058 67109059 67109062 67109063
134217728 134217729 134217732 134217733 134217736 134217737 134217740 134217741 134217744 134217745 134217748 134217749 134217752 134217753 134217756 134217757 134217760 134217761 134217764 134217765 134217768 134217769 134217772 134217773 134217776 134217777 134217780 134217781 134217784 134217785 134217788 134217789 134217792 134217793 134217796 134217797 134217800 134217801 134217804 134217805 134217808 134217809 134217812 134217813 134217816 134217817 134217820 134217821 134217824 134217825 134217828 134217829 134217832 134217833 134217836 134217837 134217840 134217841 134217844 134217845 134217848 134217849 134217852 134217853 134217856 134217857 134217860 134217861 134217864 134217865 134217868 134217869 134217872 134217873 134217876 134217877 134217880 134217881 134217884 134217885 134217888 134217889 134217892 134217893 134217896 134217897 134217900 134217901 134217904 134217905 134217908 134217909 134217912 134217913 134217916 134217917 134217920 134217921 134217924 134217925
134217730 134217731 134217734 134217735 134217738 134217739 134217742 134217743 134217746 134217747 134217750 134217751 134217754 134217755 134217758 134217759 134217762 134217763 134217766 134217767 134217770 134217771 134217774 134217775 134217778 134217779 134217782 134217783 134217786 134217787 134217790 134217791 134217794 134217795 134217798 134217799 134217802 134217803 134217806 134217807 134217810 134217811 134217814 134217815 134217818 134217819 134217822 134217823 134217826 134217827 134217830 134217831 134217834 134217835 134217838 134217839 134217842 134217843 134217846 134217847 134217850 134217851 134217854 134217855 134217858 134217859 134217862 134217863 134217866 134217867 134217870 134217871 134217874 134217875 134217878 134217879 134217882 134217883 134217886 134217887 134217890 134217891 134217894 134217895 134217898 134217899 134217902 134217903 134217906 134217907 134217910 134217911 134217914 134217915 134217918 134217919 134217922 134217923 134217926 134217927
268435456 268435457 268435460 268435461 268435464 268435465 268435468 268435469 268435472 268435473 268435476 268435477 268435480 268435481 268435484 268435485 268435488 268435489 268435492 268435493 268435496 268435497 268435500 268435501 268435504 268435505 268435508 268435509 268435512 268435513 268435516 268435517 268435520 268435521 268435524 268435525 268435528 268435529 268435532 268435533 268435536 268435537 268435540 268435541 268435544 268435545 268435548 268435549 268435552 268435553 268435556 268435557 268435560 268435561 268435564 268435565 268435568 268435569 268435572 268435573 268435576 268435577 268435580 268435581 268435584 268435585 268435588 268435589 268435592 268435593 268435596 268435597 268435600 268435601 268435604 268435605 268435608 268435609 268435612 268435613 268435616 268435617 268435620 268435621 268435624 268435625 268435628 268435629 268435632 268435633 268435636 268435637 268435640 268435641 268435644 268435645 268435648 268435649 268435652 268435653
268435458 268435459 268435462 268435463 268435466 268435467 268435470 268435471 268435474 268435475 268435478 268435479 268435482 268435483 268435486 268435487 268435490 268435491 268435494 268435495 268435498 268435499 268435502 268435503 268435506 268435507 268435510 268435511 268435514 268435515 268435518 268435519 268435522 268435523 268435526 268435527 268435530 268435531 268435534 268435535 268435538 268435539 268435542 268435543 268435546 268435547 268435550 268435551 268435554 268435555 268435558 268435559 268435562 268435563 268435566 268435567 268435570 268435571 268435574 268435575 268435578 268435579 268435582 268435583 268435586 268435587 268435590 268435591 268435594 268435595 268435598 268435599 268435602 268435603 268435606 268435607 268435610 268435611 268435614 268435615 268435618 268435619 268435622 268435623 268435626 268435627 268435630 268435631 268435634 268435635 268435638 268435639 268435642 268435643 268435646 268435647 268435650 268435651 268435654 268435655
536870912 536870913 536870916 536870917 536870920 536870921 536870924 536870925 536870928 536870929 536870932 536870933 536870936 536870937 536870940 536870941 536870944 536870945 536870948 536870949 536870952 536870953 536870956 536870957 536870960 536870961 536870964 536870965 536870968 536870969 536870972 536870973 536870976 536870977 536870980 536870981 536870984 536870985 536870988 536870989 536870992 536870993 536870996 536870997 536871000 536871001 536871004 536871005 536871008 536871009 536871012 536871013 536871016 536871017 536871020 536871021 536871024 536871025 536871028 536871029 536871032 536871033 536871036 536871037 536871040 536871041 536871044 536871045 536871048 536871049 536871052 536871053 536871056 536871057 536871060 536871061 536871064 536871065 536871068 536871069 536871072 536871073 536871076 536871077 536871080 536871081 536871084 536871085 536871088 536871089 536871092 536871093 536871096 536871097 536871100 536871101 536871104 536871105 536871108 536871109
536870914 536870915 536870918 536870919 536870922 536870923 536870926 536870927 536870930 536870931 536870934 536870935 536870938 536870939 536870942 536870943 536870946 536870947 536870950 536870951 536870954 536870955 536870958 536870959 536870962 536870963 536870966 536870967 536870970 536870971 536870974 536870975 536870978 536870979 536870982 536870983 536870986 536870987 536870990 536870991 536870994 536870995 536870998 536870999 536871002 536871003 536871006 536871007 536871010 536871011 536871014 536871015 536871018 536871019 536871022 536871023 536871026 536871027 536871030 536871031 536871034 536871035 536871038 536871039 536871042 536871043 536871046 536871047 536871050 536871051 536871054 536871055 536871058 536871059 536871062 536871063 536871066 536871067 536871070 536871071 536871074 536871075 536871078 536871079 536871082 536871083 536871086 536871087 536871090 536871091 536871094 536871095 536871098 536871099 536871102 536871103 536871106 536871107 536871110 536871111
1073741824 1073741825 1073741828 1073741829 1073741832 1073741833 1073741836 1073741837 1073741840 1073741841 1073741844 1073741845 1073741848 1073741849 1073741852 1073741853 1073741856 1073741857 1073741860 1073741861 1073741864 1073741865 1073741868 1073741869 1073741872 1073741873 1073741876 1073741877 1073741880 1073741881 1073741884 1073741885 1073741888 1073741889 1073741892 1073741893 1073741896 1073741897 1073741900 1073741901 1073741904 1073741905 1073741908 1073741909 1073741912 1073741913 1073741916 1073741917 1073741920 1073741921 1073741924 1073741925 1073741928 1073741929 1073741932 1073741933 1073741936 1073741937 1073741940 1073741941 1073741944 1073741945 1073741948 1073741949 1073741952 1073741953 1073741956 1073741957 1073741960 1073741961 1073741964 1073741965 1073741968 1073741969 1073741972 1073741973 1073741976 1073741977 1073741980 1073741981 1073741984 1073741985 1073741988 1073741989 1073741992 1073741993 1073741996 1073741997 1073742000 1073742001 1073742004 1073742005 1073742008 1073742009 1073742012 1073742013 1073742016 1073742017 1073742020 1073742021
1073741826 1073741827 1073741830 1073741831 1073741834 1073741835 1073741838 1073741839 1073741842 1073741843 1073741846 1073741847 1073741850 1073741851 1073741854 1073741855 1073741858 1073741859 1073741862 1073741863 1073741866 1073741867 1073741870 1073741871 1073741874 1073741875 1073741878 1073741879 1073741882 1073741883 1073741886 1073741887 1073741890 1073741891 1073741894 1073741895 1073741898 1073741899 1073741902 1073741903 1073741906 1073741907 1073741910 1073741911 1073741914 1073741915 1073741918 1073741919 1073741922 1073741923 1073741926 1073741927 1073741930 1073741931 1073741934 1073741935 1073741938 1073741939 1073741942 1073741943 1073741946 1073741947 1073741950 1073741951 1073741954 1073741955 1073741958 1073741959 1073741962 1073741963 1073741966 1073741967 1073741970 1073741971 1073741974 1073741975 1073741978 1073741979 1073741982 1073741983 1073741986 1073741987 1073741990 1073741991 1073741994 1073741995 1073741998 1073741999 1073742002 1073742003 1073742006 1073742007 1073742010 1073742011 1073742014 1073742015 1073742018 1073742019 1073742022 1073742023
-2147483648 -2147483647 -2147483644 -2147483643 -2147483640 -2147483639 -2147483636 -2147483635 -2147483632 -2147483631 -2147483628 -2147483627 -2147483624 -2147483623 -2147483620 -2147483619 -2147483616 -2147483615 -2147483612 -2147483611 -2147483608 -2147483607 -2147483604 -2147483603 -2147483600 -2147483599 -2147483596 -2147483595 -2147483592 -2147483591 -2147483588 -2147483587 -2147483584 -2147483583 -2147483580 -2147483579 -2147483576 -2147483575 -2147483572 -2147483571 -2147483568 -2147483567 -2147483564 -2147483563 -2147483560 -2147483559 -2147483556 -2147483555 -2147483552 -2147483551 -2147483548 -2147483547 -2147483544 -2147483543 -2147483540 -2147483539 -2147483536 -2147483535 -2147483532 -2147483531 -2147483528 -2147483527 -2147483524 -2147483523 -2147483520 -2147483519 -2147483516 -2147483515 -2147483512 -2147483511 -2147483508 -2147483507 -2147483504 -2147483503 -2147483500 -2147483499 -2147483496 -2147483495 -2147483492 -2147483491 -2147483488 -2147483487 -2147483484 -2147483483 -2147483480 -2147483479 -2147483476 -2147483475 -2147483472 -2147483471 -2147483468 -2147483467 -2147483464 -2147483463 -2147483460 -2147483459 -2147483456 -2147483455 -2147483452 -2147483451
-2147483646 -2147483645 -2147483642 -2147483641 -2147483638 -2147483637 -2147483634 -2147483633 -2147483630 -2147483629 -2147483626 -2147483625 -2147483622 -2147483621 -2147483618 -2147483617 -2147483614 -2147483613 -2147483610 -2147483609 -2147483606 -2147483605 -2147483602 -2147483601 -2147483598 -2147483597 -2147483594 -2147483593 -2147483590 -2147483589 -2147483586 -2147483585 -2147483582 -2147483581 -2147483578 -2147483577 -2147483574 -2147483573 -2147483570 -2147483569 -2147483566 -2147483565 -2147483562 -2147483561 -2147483558 -2147483557 -2147483554 -2147483553 -2147483550 -2147483549 -2147483546 -2147483545 -2147483542 -2147483541 -2147483538 -2147483537 -2147483534 -2147483533 -2147483530 -2147483529 -2147483526 -2147483525 -2147483522 -2147483521 -2147483518 -2147483517 -2147483514 -2147483513 -2147483510 -2147483509 -2147483506 -2147483505 -2147483502 -2147483501 -2147483498 -2147483497 -2147483494 -2147483493 -2147483490 -2147483489 -2147483486 -2147483485 -2147483482 -2147483481 -2147483478 -2147483477 -2147483474 -2147483473 -2147483470 -2147483469 -2147483466 -2147483465 -2147483462 -2147483461 -2147483458 -2147483457 -2147483454 -2147483453 -2147483450 -2147483449
1 2 5 6 9 10 13 14 17 18 21 22 25 26 29 30 33 34 37 38 41 42 45 46 49 50 53 54 57 58 61 62 65 66 69 70 73 74 77 78 81 82 85 86 89 90 93 94 97 98 101 102 105 106 109 110 113 114 117 118 121 122 125 126 129 130 133 134 137 138 141 142 145 146 149 150 153 154 157 158 161 162 165 166 169 170 173 174 177 178 181 182 185 186 189 190 193 194 197 198
3 4 7 8 11 12 15 16 19 20 23 24 27 28 31 32 35 36 39 40 43 44 47 48 51 52 55 56 59 60 63 64 67 68 71 72 75 76 79 80 83 84 87 88 91 92 95 96 99 100 103 104 107 108 111 112 115 116 119 120 123 124 127 128 131 132 135 136 139 140 143 144 147 148 151 152 155 156 159 160 163 164 167 168 171 172 175 176 179 180 183 184 187 188 191 192 195 196 199 200
2 3 6 7 10 11 14 15 18 19 22 23 26 27 30 31 34 35 38 39 42 43 46 47 50 51 54 55 58 59 62 63 66 67 70 71 74 75 78 79 82 83 86 87 90 91 94 95 98 99 102 103 106 107 110 111 114 115 118 119 122 123 126 127 130 131 134 135 138 139 142 143 146 147 150 151 154 155 158 159 162 163 166 167 170 171 174 175 178 179 182 183 186 187 190 191 194 195 198 199
4 5 8 9 12 13 16 17 20 21 24 25 28 29 32 33 36 37 40 41 44 45 48 49 52 53 56 57 60 61 64 65 68 69 72 73 76 77 80 81 84 85 88 89 92 93 96 97 100 101 104 105 108 109 112 113 116 117 120 121 124 125 128 129 132 133 136 137 140 141 144 145 148 149 152 153 156 157 160 161 164 165 168 169 172 173 176 177 180 181 184 185 188 189 192 193 196 197 200 201
4 5 8 9 12 13 16 17 20 21 24 25 28 29 32 33 36 37 40 41 44 45 48 49 52 53 56 57 60 61 64 65 68 69 72 73 76 77 80 81 84 85 88 89 92 93 96 97 100 101 104 105 108 109 112 113 116 117 120 121 124 125 128 129 132 133 136 137 140 141 144 145 148 149 152 153 156 157 160 161 164 165 168 169 172 173 176 177 180 181 184 185 188 189 192 193 196 197 200 201
6 7 10 11 14 15 18 19 22 23 26 27 30 31 34 35 38 39 42 43 46 47 50 51 54 55 58 59 62 63 66 67 70 71 74 75 78 79 82 83 86 87 90 91 94 95 98 99 102 103 106 107 110 111 114 115 118 119 122 123 126 127 130 131 134 135 138 139 142 143 146 147 150 151 154 155 158 159 162 163 166 167 170 171 174 175 178 179 182 183 186 187 190 191 194 195 198 199 202 203
8 9 12 13 16 17 20 21 24 25 28 29 32 33 36 37 40 41 44 45 48 49 52 53 56 57 60 61 64 65 68 69 72 73 76 77 80 81 84 85 88 89 92 93 96 97 100 101 104 105 108 109 112 113 116 117 120 121 124 125 128 129 132 133 136 137 140 141 144 145 148 149 152 153 156 157 160 161 164 165 168 169 172 173 176 177 180 181 184 185 188 189 192 193 196 197 200 201 204 205
10 11 14 15 18 19 22 23 26 27 30 31 34 35 38 39 42 43 46 47 50 51 54 55 58 59 62 63 66 67 70 71 74 75 78 79 82 83 86 87 90 91 94 95 98 99 102 103 106 107 110 111 114 115 118 119 122 123 126 127 130 131 134 135 138 139 142 143 146 147 150 151 154 155 158 159 162 163 166 167 170 171 174 175 178 179 182 183 186 187 190 191 194 195 198 199 202 203 206 207
16 17 20 21 24 25 28 29 32 33 36 37 40 41 44 45 48 49 52 53 56 57 60 61 64 65 68 69 72 73 76 77 80 81 84 85 88 89 92 93 96 97 100 101 104 105 108 109 112 113 116 117 120 121 124 125 128 129 132 133 136 137 140 141 144 145 148 149 152 153 156 157 160 161 164 165 168 169 172 173 176 177 180 181 184 185 188 189 192 193 196 197 200 201 204 205 208 209 212 213
18 19 22 23 26 27 30 31 34 35 38 39 42 43 46 47 50 51 54 55 58 59 62 63 66 67 70 71 74 75 78 79 82 83 86 87 90 91 94 95 98 99 102 103 106 107 110 111 114 115 118 119 122 123 126 127 130 131 134 135 138 139 142 143 146 147 150 151 154 155 158 159 162 163 166 167 170 171 174 175 178 179 182 183 186 187 190 191 194 195 198 199 202 203 206 207 210 211 214 215
32 33 36 37 40 41 44 45 48 49 52 53 56 57 60 61 64 65 68 69 72 73 76 77 80 81 84 85 88 89 92 93 96 97 100 101 104 105 108 109 112 113 116 117 120 121 124 125 128 129 132 133 136 137 140 141 144 145 148 149 152 153 156 157 160 161 164 165 168 169 172 173 176 177 180 181 184 185 188 189 192 193 196 197 200 201 204 205 208 209 212 213 216 217 220 221 224 225 228 229
34 35 38 39 42 43 46 47 50 51 54 55 58 59 62 63 66 67 70 71 74 75 78 79 82 83 86 87 90 91 94 95 98 99 102 103 106 107 110 111 114 115 118 119 122 123 126 127 130 131 134 135 138 139 142 143 146 147 150 151 154 155 158 159 162 163 166 167 170 171 174 175 178 179 182 183 186 187 190 191 194 195 198 199 202 203 206 207 210 211 214 215 218 219 222 223 226 227 230 231
64 65 68 69 72 73 76 77 80 81 84 85 88 89 92 93 96 97 100 101 104 105 108 109 112 113 116 117 120 121 124 125 128 129 132 133 136 137 140 141 144 145 148 149 152 153 156 157 160 161 164 165 168 169 172 173 176 177 180 181 184 185 188 189 192 193 196 197 200 201 204 205 208 209 212 213 216 217 220 221 224 225 228 229 232 233 236 237 240 241 244 245 248 249 252 253 256 257 260 261
66 67 70 71 74 75 78 79 82 83 86 87 90 91 94 95 98 99 102 103 106 107 110 111 114 115 118 119 122 123 126 127 130 131 134 135 138 139 142 143 146 147 150 151 154 155 158 159 162 163 166 167 170 171 174 175 178 179 182 183 186 187 190 191 194 195 198 199 202 203 206 207 210 211 214 215 218 219 222 223 226 227 230 231 234 235 238 239 242 243 246 247 250 251 254 255 258 259 262 263
128 129 132 133 136 137 140 141 144 145 148 149 152 153 156 157 160 161 164 165 168 169 172 173 176 177 180 181 184 185 188 189 192 193 196 197 200 201 204 205 208 209 212 213 216 217 220 221 224 225 228 229 232 233 236 237 240 241 244 245 248 249 252 253 256 257 260 261 264 265 268 269 272 273 276 277 280 281 284 285 288 289 292 293 296 297 300 301 304 305 308 309 312 313 316 317 320 321 324 325
130 131 134 135 138 139 142 143 146 147 150 151 154 155 158 159 162 163 166 167 170 171 174 175 178 179 182 183 186 187 190 191 194 195 198 199 202 203 206 207 210 211 214 215 218 219 222 223 226 227 230 231 234 235 238 239 242 243 246 247 250 251 254 255 258 259 262 263 266 267 270 271 274 275 278 279 282 283 286 287 290 291 294 295 298 299 302 303 306 307 310 311 314 315 318 319 322 323 326 327
256 257 260 261 264 265 268 269 272 273 276 277 280 281 284 285 288 289 292 293 296 297 300 301 304 305 308 309 312 313 316 317 320 321 324 325 328 329 332 333 336 337 340 341 344 345 348 349 352 353 356 357 360 361 364 365 368 369 372 373 376 377 380 381 384 385 388 389 392 393 396 397 400 401 404 405 408 409 412 413 416 417 420 421 424 425 428 429 432 433 436 437 440 441 444 445 448 449 452 453
258 259 262 263 266 267 270 271 274 275 278 279 282 283 286 287 290 291 294 295 298 299 302 303 306 307 310 311 314 315 318 319 322 323 326 327 330 331 334 335 338 339 342 343 346 347 350 351 354 355 358 359 362 363 366 367 370 371 374 375 378 379 382 383 386 387 390 391 394 395 398 399 402 403 406 407 410 411 414 415 418 419 422 423 426 427 430 431 434 435 438 439 442 443 446 447 450 451 454 455
512 513 516 517 520 521 524 525 528 529 532 533 536 537 540 541 544 545 548 549 552 553 556 557 560 561 564 565 568 569 572 573 576 577 580 581 584 585 588 589 592 593 596 597 600 601 604 605 608 609 612 613 616 617 620 621 624 625 628 629 632 633 636 637 640 641 644 645 648 649 652 653 656 657 660 661 664 665 668 669 672 673 676 677 680 681 684 685 688 689 692 693 696 697 700 701 704 705 708 709
514 515 518 519 522 523 526 527 530 531 534 535 538 539 542 543 546 547 550 551 554 555 558 559 562 563 566 567 570 571 574 575 578 579 582 583 586 587 590 591 594 595 598 599 602 603 606 607 610 611 614 615 618 619 622 623 626 627 630 631 634 635 638 639 642 643 646 647 650 651 654 655 658 659 662 663 666 667 670 671 674 675 678 679 682 683 686 687 690 691 694 695 698 699 702 703 706 707 710 711
1024 1025 1028 1029 1032 1033 1036 1037 1040 1041 1044 1045 1048 1049 1052 1053 1056 1057 1060 1061 1064 1065 1068 1069 1072 1073 1076 1077 1080 1081 1084 1085 1088 1089 1092 1093 1096 1097 1100 1101 1104 1105 1108 1109 1112 1113 1116 1117 1120 1121 1124 1125 1128 1129 1132 1133 1136 1137 1140 1141 1144 1145 1148 1149 1152 1153 1156 1157 1160 1161 1164 1165 1168 1169 1172 1173 1176 1177 1180 1181 1184 1185 1188 1189 1192 1193 1196 1197 1200 1201 1204 1205 1208 1209 1212 1213 1216 1217 1220 1221
1026 1027 1030 1031 1034 1035 1038 1039 1042 1043 1046 1047 1050 1051 1054 1055 1058 1059 1062 1063 1066 1067 1070 1071 1074 1075 1078 1079 1082 1083 1086 1087 1090 1091 1094 1095 1098 1099 1102 1103 1106 1107 1110 1111 1114 1115 1118 1119 1122 1123 1126 1127 1130 1131 1134 1135 1138 1139 1142 1143 1146 1147 1150 1151 1154 1155 1158 1159 1162 1163 1166 1167 1170 1171 1174 1175 1178 1179 1182 1183 1186 1187 1190 1191 1194 1195 1198 1199 1202 1203 1206 1207 1210 1211 1214 1215 1218 1219 1222 1223
2048 2049 2052 2053 2056 2057 2060 2061 2064 2065 2068 2069 2072 2073 2076 2077 2080 2081 2084 2085 2088 2089 2092 2093 2096 2097 2100 2101 2104 2105 2108 2109 2112 2113 2116 2117 2120 2121 2124 2125 2128 2129 2132 2133 2136 2137 2140 2141 2144 2145 2148 2149 2152 2153 2156 2157 2160 2161 2164 2165 2168 2169 2172 2173 2176 2177 2180 2181 2184 2185 2188 2189 2192 2193 2196 2197 2200 2201 2204 2205 2208 2209 2212 2213 2216 2217 2220 2221 2224 2225 2228 2229 2232 2233 2236 2237 2240 2241 2244 2245
2050 2051 2054 2055 2058 2059 2062 2063 2066 2067 2070 2071 2074 2075 2078 2079 2082 2083 2086 2087 2090 2091 2094 2095 2098 2099 2102 2103 2106 2107 2110 2111 2114 2115 2118 2119 2122 2123 2126 2127 2130 2131 2134 2135 2138 2139 2142 2143 2146 2147 2150 2151 2154 2155 2158 2159 2162 2163 2166 2167 2170 2171 2174 2175 2178 2179 2182 2183 2186 2187 2190 2191 2194 2195 2198 2199 2202 2203 2206 2207 2210 2211 2214 2215 2218 2219 2222 2223 2226 2227 2230 2231 2234 2235 2238 2239 2242 2243 2246 2247
4096 4097 4100 4101 4104 4105 4108 4109 4112 4113 4116 4117 4120 4121 4124 4125 4128 4129 4132 4133 4136 4137 4140 4141 4144 4145 4148 4149 4152 4153 4156 4157 4160 4161 4164 4165 4168 4169 4172 4173 4176 4177 4180 4181 4184 4185 4188 4189 4192 4193 4196 4197 4200 4201 4204 4205 4208 4209 4212 4213 4216 4217 4220 4221 4224 4225 4228 4229 4232 4233 4236 4237 4240 4241 4244 4245 4248 4249 4252 4253 4256 4257 4260 4261 4264 4265 4268 4269 4272 4273 4276 4277 4280 4281 4284 4285 4288 4289 4292 4293
4098 4099 4102 4103 4106 4107 4110 4111 4114 4115 4118 4119 4122 4123 4126 4127 4130 4131 4134 4135 4138 4139 4142 4143 4146 4147 4150 4151 4154 4155 4158 4159 4162 4163 4166 4167 4170 4171 4174 4175 4178 4179 4182 4183 4186 4187 4190 4191 4194 4195 4198 4199 4202 4203 4206 4207 4210 4211 4214 4215 4218 4219 4222 4223 4226 4227 4230 4231 4234 4235 4238 4239 4242 4243 4246 4247 4250 4251 4254 4255 4258 4259 4262 4263 4266 4267 4270 4271 4274 4275 4278 4279 4282 4283 4286 4287 4290 4291 4294 4295
8192 8193 8196 8197 8200 8201 8204 8205 8208 8209 8212 8213 8216 8217 8220 8221 8224 8225 8228 8229 8232 8233 8236 8237 8240 8241 8244 8245 8248 8249 8252 8253 8256 8257 8260 8261 8264 8265 8268 8269 8272 8273 8276 8277 8280 8281 8284 8285 8288 8289 8292 8293 8296 8297 8300 8301 8304 8305 8308 8309 8312 8313 8316 8317 8320 8321 8324 8325 8328 8329 8332 8333 8336 8337 8340 8341 8344 8345 8348 8349 8352 8353 8356 8357 8360 8361 8364 8365 8368 8369 8372 8373 8376 8377 8380 8381 8384 8385 8388 8389
8194 8195 8198 8199 8202 8203 8206 8207 8210 8211 8214 8215 8218 8219 8222 8223 8226 8227 8230 8231 8234 8235 8238 8239 8242 8243 8246 8247 8250 8251 8254 8255 8258 8259 8262 8263 8266 8267 8270 8271 8274 8275 8278 8279 8282 8283 8286 8287 8290 8291 8294 8295 8298 8299 8302 8303 8306 8307 8310 8311 8314 8315 8318 8319 8322 8323 8326 8327 8330 8331 8334 8335 8338 8339 8342 8343 8346 8347 8350 8351 8354 8355 8358 8359 8362 8363 8366 8367 8370 8371 8374 8375 8378 8379 8382 8383 8386 8387 8390 8391
16384 16385 16388 16389 16392 16393 16396 16397 16400 16401 16404 16405 16408 16409 16412 16413 16416 16417 16420 16421 16424 16425 16428 16429 16432 16433 16436 16437 16440 16441 16444 16445 16448 16449 16452 16453 16456 16457 16460 16461 16464 16465 16468 16469 16472 16473 16476 16477 16480 16481 16484 16485 16488 16489 16492 16493 16496 16497 16500 16501 16504 16505 16508 16509 16512 16513 16516 16517 16520 16521 16524 16525 16528 16529 16532 16533 16536 16537 16540 16541 16544 16545 16548 16549 16552 16553 16556 16557 16560 16561 16564 16565 16568 16569 16572 16573 16576 16577 16580 16581
16386 16387 16390 16391 16394 16395 16398 16399 16402 16403 16406 16407 16410 16411 16414 16415 16418 16419 16422 16423 16426 16427 16430 16431 16434 16435 16438 16439 16442 16443 16446 16447 16450 16451 16454 16455 16458 16459 16462 16463 16466 16467 16470 16471 16474 16475 16478 16479 16482 16483 16486 16487 16490 16491 16494 16495 16498 16499 16502 16503 16506 16507 16510 16511 16514 16515 16518 16519 16522 16523 16526 16527 16530 16531 16534 16535 16538 16539 16542 16543 16546 16547 16550 16551 16554 16555 16558 16559 16562 16563 16566 16567 16570 16571 16574 16575 16578 16579 16582 16583
32768 32769 32772 32773 32776 32777 32780 32781 32784 32785 32788 32789 32792 32793 32796 32797 32800 32801 32804 32805 32808 32809 32812 32813 32816 32817 32820 32821 32824 32825 32828 32829 32832 32833 32836 32837 32840 32841 32844 32845 32848 32849 32852 32853 32856 32857 32860 32861 32864 32865 32868 32869 32872 32873 32876 32877 32880 32881 32884 32885 32888 32889 32892 32893 32896 32897 32900 32901 32904 32905 32908 32909 32912 32913 32916 32917 32920 32921 32924 32925 32928 32929 32932 32933 32936 32937 32940 32941 32944 32945 32948 32949 32952 32953 32956 32957 32960 32961 32964 32965
32770 32771 32774 32775 32778 32779 32782 32783 32786 32787 32790 32791 32794 32795 32798 32799 32802 32803 32806 32807 32810 32811 32814 32815 32818 32819 32822 32823 32826 32827 32830 32831 32834 32835 32838 32839 32842 32843 32846 32847 32850 32851 32854 32855 32858 32859 32862 32863 32866 32867 32870 32871 32874 32875 32878 32879 32882 32883 32886 32887 32890 32891 32894 32895 32898 32899 32902 32903 32906 32907 32910 32911 32914 32915 32918 32919 32922 32923 32926 32927 32930 32931 32934 32935 32938 32939 32942 32943 32946 32947 32950 32951 32954 32955 32958 32959 32962 32963 32966 32967
65536 65537 65540 65541 65544 65545 65548 65549 65552 65553 65556 65557 65560 65561 65564 65565 65568 65569 65572 65573 65576 65577 65580 65581 65584 65585 65588 65589 65592 65593 65596 65597 65600 65601 65604 65605 65608 65609 65612 65613 65616 65617 65620 65621 65624 65625 65628 65629 65632 65633 65636 65637 65640 65641 65644 65645 65648 65649 65652 65653 65656 65657 65660 65661 65664 65665 65668 65669 65672 65673 65676 65677 65680 65681 65684 65685 65688 65689 65692 65693 65696 65697 65700 65701 65704 65705 65708 65709 65712 65713 65716 65717 65720 65721 65724 65725 65728 65729 65732 65733
65538 65539 65542 65543 65546 65547 65550 65551 65554 65555 65558 65559 65562 65563 65566 65567 65570 65571 65574 65575 65578 65579 65582 65583 65586 65587 65590 65591 65594 65595 65598 65599 65602 65603 65606 65607 65610 65611 65614 65615 65618 65619 65622 65623 65626 65627 65630 65631 65634 65635 65638 65639 65642 65643 65646 65647 65650 65651 65654 65655 65658 65659 65662 65663 65666 65667 65670 65671 65674 65675 65678 65679 65682 65683 65686 65687 65690 65691 65694 65695 65698 65699 65702 65703 65706 65707 65710 65711 65714 65715 65718 65719 65722 65723 65726 65727 65730 65731 65734 65735
131072 131073 131076 131077 131080 131081 131084 131085 131088 131089 131092 131093 131096 131097 131100 131101 131104 131105 131108 131109 131112 131113 131116 131117 131120 131121 131124 131125 131128 131129 131132 131133 131136 131137 131140 131141 131144 131145 131148 131149 131152 131153 131156 131157 131160 131161 131164 131165 131168 131169 131172 131173 131176 131177 131180 131181 131184 131185 131188 131189 131192 131193 131196 131197 131200 131201 131204 131205 131208 131209 131212 131213 131216 131217 131220 131221 131224 131225 131228 131229 131232 131233 131236 131237 131240 131241 131244 131245 131248 131249 131252 131253 131256 131257 131260 131261 131264 131265 131268 131269
131074 131075 131078 131079 131082 131083 131086 131087 131090 131091 131094 131095 131098 131099 131102 131103 131106 131107 131110 131111 131114 131115 131118 131119 131122 131123 131126 131127 131130 131131 131134 131135 131138 131139 131142 131143 131146 131147 131150 131151 131154 131155 131158 131159 131162 131163 131166 131167 131170 131171 131174 131175 131178 131179 131182 131183 131186 131187 131190 131191 131194 131195 131198 131199 131202 131203 131206 131207 131210 131211 131214 131215 131218 131219 131222 131223 131226 131227 131230 131231 131234 131235 131238 131239 131242 131243 131246 131247 131250 131251 131254 131255 131258 131259 131262 131263 131266 131267 131270 131271
262144 262145 262148 262149 262152 262153 262156 262157 262160 262161 262164 262165 262168 262169 262172 262173 262176 262177 262180 262181 262184 262185 262188 262189 262192 262193 262196 262197 262200 262201 262204 262205 262208 262209 262212 262213 262216 262217 262220 262221 262224 262225 262228 262229 262232 262233 262236 262237 262240 262241 262244 262245 262248 262249 262252 262253 262256 262257 262260 262261 262264 262265 262268 262269 262272 262273 262276 262277 262280 262281 262284 262285 262288 262289 262292 262293 262296 262297 262300 262301 262304 262305 262308 262309 262312 262313 262316 262317 262320 262321 262324 262325 262328 262329 262332 262333 262336 262337 262340 262341
262146 262147 262150 262151 262154 262155 262158 262159 262162 262163 262166 262167 262170 262171 262174 262175 262178 262179 262182 262183 262186 262187 262190 262191 262194 262195 262198 262199 262202 262203 262206 262207 262210 262211 262214 262215 262218 262219 262222 262223 262226 262227 262230 262231 262234 262235 262238 262239 262242 262243 262246 262247 262250 262251 262254 262255 262258 262259 262262 262263 262266 262267 262270 262271 262274 262275 262278 262279 262282 262283 262286 262287 262290 262291 262294 262295 262298 262299 262302 262303 262306 262307 262310 262311 262314 262315 262318 262319 262322 262323 262326 262327 262330 262331 262334 262335 262338 262339 262342 262343
524288 524289 524292 524293 524296 524297 524300 524301 524304 524305 524308 524309 524312 524313 524316 524317 524320 524321 524324 524325 524328 524329 524332 524333 524336 524337 524340 524341 524344 524345 524348 524349 524352 524353 524356 524357 524360 524361 524364 524365 524368 524369 524372 524373 524376 524377 524380 524381 524384 524385 524388 524389 524392 524393 524396 524397 524400 524401 524404 524405 524408 524409 524412 524413 524416 524417 524420 524421 524424 524425 524428 524429 524432 524433 524436 524437 524440 524441 524444 524445 524448 524449 524452 524453 524456 524457 524460 524461 524464 524465 524468 524469 524472 524473 524476 524477 524480 524481 524484 524485
524290 524291 524294 524295 524298 524299 524302 524303 524306 524307 524310 524311 524314 524315 524318 524319 524322 524323 524326 524327 524330 524331 524334 524335 524338 524339 524342 524343 524346 524347 524350 524351 524354 524355 524358 524359 524362 524363 524366 524367 524370 524371 524374 524375 524378 524379 524382 524383 524386 524387 524390 524391 524394 524395 524398 524399 524402 524403 524406 524407 524410 524411 524414 524415 524418 524419 524422 524423 524426 524427 524430 524431 524434 524435 524438 524439 524442 524443 524446 524447 524450 524451 524454 524455 524458 524459 524462 524463 524466 524467 524470 524471 524474 524475 524478 524479 524482 524483 524486 524487
1048576 1048577 1048580 1048581 1048584 1048585 1048588 1048589 1048592 1048593 1048596 1048597 1048600 1048601 1048604 1048605 1048608 1048609 1048612 1048613 1048616 1048617 1048620 1048621 1048624 1048625 1048628 1048629 1048632 1048633 1048636 1048637 1048640 1048641 1048644 1048645 1048648 1048649 1048652 1048653 1048656 1048657 1048660 1048661 1048664 1048665 1048668 1048669 1048672 1048673 1048676 1048677 1048680 1048681 1048684 1048685 1048688 1048689 1048692 1048693 1048696 1048697 1048700 1048701 1048704 1048705 1048708 1048709 1048712 1048713 1048716 1048717 1048720 1048721 1048724 1048725 1048728 1048729 1048732 1048733 1048736 1048737 1048740 1048741 1048744 1048745 1048748 1048749 1048752 1048753 1048756 1048757 1048760 1048761 1048764 1048765 1048768 1048769 1048772 1048773
1048578 1048579 1048582 1048583 1048586 1048587 1048590 1048591 1048594 1048595 1048598 1048599 1048602 1048603 1048606 1048607 1048610 1048611 1048614 1048615 1048618 1048619 1048622 1048623 1048626 1048627 1048630 1048631 1048634 1048635 1048638 1048639 1048642 1048643 1048646 1048647 1048650 1048651 1048654 1048655 1048658 1048659 1048662 1048663 1048666 1048667 1048670 1048671 1048674 1048675 1048678 1048679 1048682 1048683 1048686 1048687 1048690 1048691 1048694 1048695 1048698 1048699 1048702 1048703 1048706 1048707 1048710 1048711 1048714 1048715 1048718 1048719 1048722 1048723 1048726 1048727 1048730 1048731 1048734 1048735 1048738 1048739 1048742 1048743 1048746 1048747 1048750 1048751 1048754 1048755 1048758 1048759 1048762 1048763 1048766 1048767 1048770 1048771 1048774 1048775
2097152 2097153 2097156 2097157 2097160 2097161 2097164 2097165 2097168 2097169 2097172 2097173 2097176 2097177 2097180 2097181 2097184 2097185 2097188 2097189 2097192 2097193 2097196 2097197 2097200 2097201 2097204 2097205 2097208 2097209 2097212 2097213 2097216 2097217 2097220 2097221 2097224 2097225 2097228 2097229 2097232 2097233 2097236 2097237 2097240 2097241 2097244 2097245 2097248 2097249 2097252 2097253 2097256 2097257 2097260 2097261 2097264 2097265 2097268 2097269 2097272 2097273 2097276 2097277 2097280 2097281 2097284 2097285 2097288 2097289 2097292 2097293 2097296 2097297 2097300 2097301 2097304 2097305 2097308 2097309 2097312 2097313 2097316 2097317 2097320 2097321 2097324 2097325 2097328 2097329 2097332 2097333 2097336 2097337 2097340 2097341 2097344 2097345 2097348 2097349
2097154 2097155 2097158 2097159 2097162 2097163 2097166 2097167 2097170 2097171 2097174 2097175 2097178 2097179 2097182 2097183 2097186 2097187 2097190 2097191 2097194 2097195 2097198 2097199 2097202 2097203 2097206 2097207 2097210 2097211 2097214 2097215 2097218 2097219 2097222 2097223 2097226 2097227 2097230 2097231 2097234 2097235 2097238 2097239 2097242 2097243 2097246 2097247 2097250 2097251 2097254 2097255 2097258 2097259 2097262 2097263 2097266 2097267 2097270 2097271 2097274 2097275 2097278 2097279 2097282 2097283 2097286 2097287 2097290 2097291 2097294 2097295 2097298 2097299 2097302 2097303 2097306 2097307 2097310 2097311 2097314 2097315 2097318 2097319 2097322 2097323 2097326 2097327 2097330 2097331 2097334 2097335 2097338 2097339 2097342 2097343 2097346 2097347 2097350 2097351
4194304 4194305 4194308 4194309 4194312 4194313 4194316 4194317 4194320 4194321 4194324 4194325 4194328 4194329 4194332 4194333 4194336 4194337 4194340 4194341 4194344 4194345 4194348 4194349 4194352 4194353 4194356 4194357 4194360 4194361 4194364 4194365 4194368 4194369 4194372 4194373 4194376 4194377 4194380 4194381 4194384 4194385 4194388 4194389 4194392 4194393 4194396 4194397 4194400 4194401 4194404 4194405 4194408 4194409 4194412 4194413 4194416 4194417 4194420 4194421 4194424 4194425 4194428 4194429 4194432 4194433 4194436 4194437 4194440 4194441 4194444 4194445 4194448 4194449 4194452 4194453 4194456 4194457 4194460 4194461 4194464 4194465 4194468 4194469 4194472 4194473 4194476 4194477 4194480 4194481 4194484 4194485 4194488 4194489 4194492 4194493 4194496 4194497 4194500 4194501
4194306 4194307 4194310 4194311 4194314 4194315 4194318 4194319 4194322 4194323 4194326 4194327 4194330 4194331 4194334 4194335 4194338 4194339 4194342 4194343 4194346 4194347 4194350 4194351 4194354 4194355 4194358 4194359 4194362 4194363 4194366 4194367 4194370 4194371 4194374 4194375 4194378 4194379 4194382 4194383 4194386 4194387 4194390 4194391 4194394 4194395 4194398 4194399 4194402 4194403 4194406 4194407 4194410 4194411 4194414 4194415 4194418 4194419 4194422 4194423 4194426 4194427 4194430 4194431 4194434 4194435 4194438 4194439 4194442 4194443 4194446 4194447 4194450 4194451 4194454 4194455 4194458 4194459 4194462 4194463 4194466 4194467 4194470 4194471 4194474 4194475 4194478 4194479 4194482 4194483 4194486 4194487 4194490 4194491 4194494 4194495 4194498 4194499 4194502 4194503
8388608 8388609 8388612 8388613 8388616 8388617 8388620 8388621 8388624 8388625 8388628 8388629 8388632 8388633 8388636 8388637 8388640 8388641 8388644 8388645 8388648 8388649 8388652 8388653 8388656 8388657 8388660 8388661 8388664 8388665 8388668 8388669 8388672 8388673 8388676 8388677 8388680 8388681 8388684 8388685 8388688 8388689 8388692 8388693 8388696 8388697 8388700 8388701 8388704 8388705 8388708 8388709 8388712 8388713 8388716 8388717 8388720 8388721 8388724 8388725 8388728 8388729 8388732 8388733 8388736 8388737 8388740 8388741 8388744 8388745 8388748 8388749 8388752 8388753 8388756 8388757 8388760 8388761 8388764 8388765 8388768 8388769 8388772 8388773 8388776 8388777 8388780 8388781 8388784 8388785 8388788 8388789 8388792 8388793 8388796 8388797 8388800 8388801 8388804 8388805
8388610 8388611 8388614 8388615 8388618 8388619 8388622 8388623 8388626 8388627 8388630 8388631 8388634 8388635 8388638 8388639 8388642 8388643 8388646 8388647 8388650 8388651 8388654 8388655 8388658 8388659 8388662 8388663 8388666 8388667 8388670 8388671 8388674 8388675 8388678 8388679 8388682 8388683 8388686 8388687 8388690 8388691 8388694 8388695 8388698 8388699 8388702 8388703 8388706 8388707 8388710 8388711 8388714 8388715 8388718 8388719 8388722 8388723 8388726 8388727 8388730 8388731 8388734 8388735 8388738 8388739 8388742 8388743 8388746 8388747 8388750 8388751 8388754 8388755 8388758 8388759 8388762 8388763 8388766 8388767 8388770 8388771 8388774 8388775 8388778 8388779 8388782 8388783 8388786 8388787 8388790 8388791 8388794 8388795 8388798 8388799 8388802 8388803 8388806 8388807
